9.26
9.73
8.6
8.1
8.29
6.71
8.46
9.75
9.65
9.52
11.15
11.25
12.76
13.54
13.25
13.22
13.23
13.63
13.09
13.01
14.07
16.19
14.94
14.28
14.2
13.89
19.56
20.78
22.17
22.32
21.04
17.39
17.41
18.26
18.66
22.76
14.92
9.21
9.54
8.84
8.41
8.64
7.84
8.81
9.32
10.11
9.03
6.56
5.29
4.84
4.34
5.18
5.18
5.79
5.62
5.76
4.66
4
3.16
2.78
2.68
2.71
2.48
2.61
2.83
2.78
2.59
2.6
2.49
2.23
2.08
2.07
2
1.75
1.92
1.94
1.85
1.87
1.72
1.55
1.61
1.57
1.62
1.61
1.67
1.51
1.58
1.53
1.59
1.69
1.52
1.67
1.8
1.99
2.03
1.81
1.57
1.52
1.64
1.46
1.3
1.26
1.31
1.31
1.24
1.15
1.17
1.21
1.25
1.25
1.18
1.21
1.25
1.24
1.28
1.33
1.39
1.44
1.56
1.54
1.44
1.34
1.43
1.39
1.4
1.22
1.58
1.58
1.68
1.6
1.82
1.96
1.53
1.28
1.27
1.38
1.14
0.860747
0.917059
0.783268
0.770965
0.715893
0.70214
0.74789
0.802425
0.909202
0.789589
0.804198
0.799709
0.678784
0.937204
1.04
1.03
0.942159
0.989301
1.01
1.37
1.09
0.973716
1.05
1.58
1.99
2.38
2.2
2.35
2.33
2.04
2.01
2.17
2.5
2.38
2.58
2.49
2.7
2.5
2.09
2.38
1.97
1.44
1.06
1.3
0.876828
0.446365
0.392572
0.349079
0.242912
0.224421
0.148848
0.130999
0.128871
0.107494
0.106642
0.100452
0.099867
0.10425
0.106414
0.107811
0.104067
0.107737
0.105138
0.10587
