8621.90
8736.98
8265.59
7621.30
7754.00
6955.27
8277.01
9174.91
8830.75
9170.54
10221.10
10106.30
11296.40
11786.30
11440.70
11171.40
11259.40
11359.40
10868.40
10931.40
11600.10
12899.20
11607.40
11474.90
11188.60
11490.50
13819.80
13772.00
14360.20
13980.60
13405.80
14973.30
14595.40
15170.10
16477.60
17527.00
17429.50
15599.20
15201.00
14982.10
13657.20
14156.40
12952.20
14656.20
14606.50
15838.50
16099.80
14026.60
13925.80
14699.20
13831.80
15802.90
16624.60
17776.70
19114.20
19140.80
19497.40
17706.90
16564.00
16408.20
17415.40
16936.80
15455.40
15178.20
16569.40
17899.70
14291.50
11916.70
11657.20
11323.20
11074.60
10975.60
10233.60
9888.61
10058.80
9818.35
9330.55
8790.92
8253.69
8038.77
8253.55
8071.26
8200.64
8036.49
7790.15
7708.99
7871.69
7315.54
6635.75
6559.49
5950.07
6357.60
6618.14
7143.58
7459.69
7144.38
7022.76
7407.41
7379.95
7207.76
7078.50
6767.31
6468.40
6130.53
6153.85
5753.09
5780.90
5904.83
5750.80
5526.64
5930.32
6008.42
6031.60
6011.45
5708.52
5590.69
5605.51
5725.59
5678.19
5831.79
5647.21
5446.91
4826.48
4781.99
4772.02
4610.48
4426.89
4370.81
4328.41
4229.36
4317.48
4409.32
4403.74
4338.71
4163.07
4174.73
4200.67
3892.35
3926.07
3682.84
3792.40
3630.70
3631.04
3905.95
3924.97
4065.20
3582.88
3625.04
3637.52
3154.95
3882.59
4130.81
4161.27
4122.94
4226.06
4228.75
4599.88
4597.12
4376.53
4236.31
4582.96
4578.77
4892.01
4703.39
4565.30
4579.02
4382.66
4382.88
4352.40
4371.60
4334.68
4151.52
4100.52
4001.74
4087.66
4193.70
4160.62
4331.69
4376.63
4181.93
4325.13
4073.26
3884.71
3650.62
3381.28
3342.47
3419.94
3378.94
3213.94
3252.91
2895.89
2804.73
2710.67
2718.26
2875.34
2757.18
2726.45
2809.01
2671.78
2529.45
2576.48
2754.86
2730.40
2810.12
2667.76
2817.60
2273.43
2318.88
2228.41
1929.82
1998.86
2233.34
2357.90
2398.84
2337.79
2372.56
2518.44
2571.34
2518.66
2608.56
2601.99
2601.64
2564.06
2506.47
2434.55
2480.84
2539.32
2574.79
2552.45
2478.45
2589.41
2608.72
2744.91
2705.41
2689.10
2721.79
2589.60
2548.29
2655.88
2518.56
2464.58
2506.37
2717.02
2659.63
2958.11
2947.71
2823.81
2805.62
2732.16
2863.20
2686.81
2511.81
2515.35
2488.55
2407.88
2286.41
2175.47
2255.61
2155.80
2038.87
2202.42
2304.98
2443.64
2320.42
2173.40
2041.20
2084.73
1987.71
1888.65
1839.09
1734.45
1738.43
1808.91
1804.91
1724.24
1848.57
1787.13
1755.36
1723.35
1596.71
1578.80
1555.45
1537.67
1490.09
1452.82
1421.60
1347.89
1321.79
1316.48
1317.73
1281.08
1265.49
1250.15
1207.21
1231.71
1222.05
1229.08
1210.29
1211.67
1193.91
1182.94
1172.52
1167.54
1169.28
1200.37
1205.01
1187.13
1187.87
1175.95
1176.90
1182.68
1124.78
1133.25
1143.81
1102.17
1080.50
1071.79
1026.43
1039.97
1047.15
1045.77
966.73
972.78
937.52
1038.59
1049.14
1120.54
1054.23
1036.74
973.82
1100.23
1187.81
1249.61
1240.00
1231.92
1221.38
1175.83
1116.72
1188.49
1150.00
1223.54
1272.83
1267.12
1255.15
1274.99
1251.01
1222.50
1179.97
1179.97
1165.20
1143.84
1173.68
1166.72
1117.44
1115.30
1079.98
1047.87
1054.42
1046.21
1027.44
1007.48
1004.55
990.64
999.18
1004.45
