0.03629
0.038868
0.033067
0.030162
0.03264
0.026611
0.03663
0.043332
0.042335
0.04391
0.053137
0.050588
0.061965
0.064958
0.06016
0.054925
0.056214
0.057804
0.05494
0.053326
0.05604
0.067938
0.061193
0.064829
0.061082
0.059966
0.083967
0.09342
0.10205
0.10262
0.093983
0.112069
0.109981
0.115935
0.126931
0.125853
0.114957
0.095219
0.079641
0.065809
0.070634
0.070367
0.06974
0.067618
0.05929
0.065174
0.066743
0.065075
0.084
0.069652
0.041415
0.049618
0.050577
0.040307
0.037543
0.035664
0.031935
0.020606
0.021115
0.01536
0.015737
0.014175
0.012993
0.014542
0.014212
0.014084
0.016181
0.015606
0.017623
0.013596
0.012344
0.012258
0.011307
0.011276
0.013182
0.011833
0.010722
0.010392
0.010135
0.009414
0.009586
0.00899
0.008747
0.009131
0.009051
0.009163
0.009468
0.009155
0.009144
0.008461
0.00762
0.009039
0.008958
0.011019
0.009417
0.008563
0.008532
0.008527
0.008466
0.008799
0.007845
0.00824
0.00903
0.009312
0.009126
0.009091
0.009309
0.008977
0.00932
0.009411
0.008417
0.008805
0.008594
0.009388
0.00978
0.010414
0.010192
0.010459
0.00922
0.009346
0.010034
0.010201
0.011476
0.011875
0.011199
0.011849
0.013408
0.013681
0.013397
0.013521
0.013948
0.016084
0.017995
0.015719
0.014782
0.015098
0.015729
0.014439
0.01425
0.013505
0.013653
0.012606
0.012546
0.014882
0.013977
0.01461
0.012202
0.012421
0.012569
0.011096
0.014735
0.016239
0.017557
0.015318
0.01628
0.016374
0.018141
0.019357
0.019844
0.019126
0.025323
0.02198
0.025204
0.019066
0.021236
0.016836
0.015988
0.013612
0.013274
0.012839
0.013267
0.013062
0.013332
0.013351
0.015412
0.01204
0.01249
0.012973
0.013703
0.014555
0.011786
0.013763
0.015024
0.016829
0.015402
0.017659
0.019205
0.018429
0.018976
0.019993
0.018666
0.019075
0.018669
0.019417
0.016601
0.016127
0.017765
0.015182
0.01655
0.017387
0.017297
0.021923
0.019792
0.014887
0.011825
0.01195
0.010481
0.011269
0.010859
0.009221
0.009875
0.010766
0.011893
0.013301
0.011277
0.010231
0.014685
0.015822
0.01553
0.018011
0.01698
0.017795
0.019241
0.017331
0.016671
0.018117
0.019527
0.021528
0.020837
0.020129
0.022619
0.02628
0.028608
0.026037
0.026982
0.027735
0.028017
0.027826
0.028367
0.029569
0.029242
0.029161
0.036541
0.028825
0.032875
0.034468
0.049325
0.061221
0.048539
0.054514
0.051143
0.049969
0.048562
0.031814
0.021158
0.017811
0.016856
0.015717
0.013544
0.011646
0.013604
0.016124
0.014765
0.016606
0.014506
0.017275
0.012169
0.006474
0.006188
0.007308
0.006374
0.001987
0.002008
0.001954
0.001867
0.00179
0.001845
0.001807
0.002234
0.001739
0.00194
0.001368
0.001074
0.00104
0.001001
0.001053
0.001092
0.001083
0.001093
0.001025
0.00106
0.001089
0.001138
0.001047
0.001144
0.001175
0.001166
0.00122
0.001125
0.001013
0.000822
0.000704
0.000699
0.000723
0.000755
0.000848
0.000687
0.000595
0.000612
0.000457
0.000438
0.00046
0.000442
0.000467
0.000372
0.000368
0.000344
0.00037
0.000398
0.000377
0.000314
0.000319
0.000312
0.000318
0.000324
0.000345
0.000335
0.000281
0.000269
0.000242
0.000264
0.000248
0.000261
0.000259
0.000246
0.000246
0.000223
0.000202
0.000215
0.000219
0.000244
0.000226
0.000216
0.000226
0.00023
0.000238
0.000244
0.000248
0.00027
0.000267
0.000241
0.000235
0.000247
0.000236
0.000235
0.000252
0.000252
0.000242
0.000251
0.000257
0.000252
0.000261
0.000266
0.00027
0.000279
