0.004989
0.005
0.004566
0.004297
0.004361
0.003533
0.004399
0.005164
0.004475
0.005029
0.00601
0.006024
0.006967
0.007465
0.007373
0.007237
0.007667
0.007083
0.006673
0.006734
0.007131
0.008448
0.007871
0.007969
0.007648
0.006822
0.009857
0.011685
0.013023
0.013056
0.011469
0.013102
0.01342
0.015045
0.017088
0.014863
0.012167
0.009644
0.00932
0.009145
0.008909
0.008972
0.00786
0.009391
0.008486
0.008872
0.009411
0.008931
0.008582
0.007259
0.006054
0.007425
0.006661
0.005666
0.006433
0.005984
0.005933
0.003762
0.003709
0.003461
0.003304
0.002798
0.002547
0.002617
0.002779
0.00272
0.002663
0.002479
0.002463
0.002223
0.002149
0.002148
0.002079
0.00208
0.002363
0.001988
0.002026
0.002072
0.001908
0.001891
0.001823
0.001389
0.001394
0.001376
0.001373
0.001313
0.00139
0.001339
0.001184
0.001211
0.001038
0.001201
0.001163
0.001415
0.001222
0.001177
0.001154
0.001182
0.001189
0.001121
0.001151
0.001138
0.001124
0.001151
0.001173
0.001037
0.001052
0.001051
0.001056
0.001092
0.001016
0.001023
0.001007
0.00105
0.001064
0.001047
0.001067
0.001164
0.001106
0.00111
0.001066
0.001062
0.001046
0.001036
0.000991
0.001056
0.001066
0.001056
0.001001
0.001024
0.001108
0.001085
0.001084
0.001145
0.001082
0.00108
0.001173
0.001151
0.001141
0.000892
0.000954
0.000772
0.000755
0.000862
0.00089
0.000947
0.000853
0.000867
0.000865
0.000854
0.001398
0.00144
0.001463
0.001395
0.001568
0.001596
0.001928
0.002019
0.001908
0.001786
0.002153
0.002226
0.002543
0.002064
0.002105
0.001867
0.001825
0.00176
0.001778
0.00179
0.001816
0.001732
0.001716
0.001712
0.001707
0.001678
0.001678
0.00171
0.001774
0.001738
0.001762
0.001807
0.001856
0.00188
0.001896
0.001937
0.001961
0.001949
0.001909
0.002087
0.00182
0.001795
0.001788
0.001792
0.001718
0.001719
0.001768
0.001782
0.001856
0.00181
0.001773
0.00198
0.001972
0.002095
0.001936
0.001935
0.001689
0.001864
0.00152
0.001307
0.001484
0.001681
0.001823
0.001938
0.001779
0.001952
0.00233
0.00244
0.002397
0.002636
0.002714
0.002518
0.002533
0.002481
0.002645
0.002602
0.002656
0.002793
0.002623
0.00275
0.002961
0.003135
0.003143
0.003104
0.003125
0.003218
0.003141
0.00323
0.003322
0.003163
0.003043
0.003092
0.003313
0.003253
0.003601
0.003313
0.003453
0.003575
0.003302
0.003741
0.003873
0.003179
0.003251
0.003026
0.002867
0.002657
0.002623
0.002732
0.002579
0.002541
0.002424
0.002994
0.003659
0.003562
0.003405
0.003062
0.0019
0.001518
0.001508
0.001318
0.001059
0.001128
0.001274
0.001184
0.001183
0.001212
0.001239
0.001239
0.001521
0.001305
0.001169
0.00084
0.000744
0.000678
0.00061
0.000686
0.000746
0.000734
0.000678
0.000632
0.000544
0.000527
0.000515
0.000522
0.000464
0.000451
0.000443
0.000448
0.000459
0.000459
0.000454
0.000418
0.000426
0.000425
0.000414
0.00039
0.0004
0.000381
0.000432
0.000398
0.00045
0.000442
0.000432
0.000427
0.000489
0.000335
0.000328
0.000304
0.000272
0.000273
0.000254
0.000272
0.000298
0.000264
0.000242
0.000243
0.000246
0.000236
0.000235
0.000219
0.000223
0.000235
0.000243
0.000238
0.000247
0.000229
0.000211
0.000204
0.000211
0.000208
0.000209
0.00021
0.000206
0.000205
0.000211
0.000206
0.000203
0.000205
0.000208
0.000203
0.0002
0.000208
0.000208
0.000202
0.000208
0.000207
0.000208
0.000197
0.000209
0.000207
0.000209
0.000209
0.000208
0.000208
0.00021
