860.42
883.87
817.81
757.07
793.12
697.95
834.68
964.02
915.79
1036.79
1118.31
1071.13
1182.36
1246.01
1107.07
1055.17
1056.03
1058.78
986.23
1003.26
1049.58
1155.15
1039.10
1036.28
1014.25
1053.69
1291.92
1366.77
1396.42
1273.20
1154.93
1255.82
1299.74
1148.53
1153.17
1041.68
997.72
980.92
962.72
884.44
772.64
756.73
717.26
753.59
737.02
762.84
773.84
765.83
694.15
719.39
674.86
821.06
819.09
826.82
794.65
719.98
696.21
684.45
695.82
702.77
651.43
515.14
441.72
473.5
456.03
434.41
428.59
463.28
470.2
465.85
463.45
466.54
447.11
427.52
472.9
480.36
471.33
466.28
474.91
410.17
380.65
360.4
366.73
354.39
347.61
332.39
330.92
333.36
337.63
316.72
307.91
314.68
299.25
320.88
309.07
294.66
298.89
296.26
300.47
305.71
287.43
291.69
305.88
307.75
305.09
296.3
297.42
296.53
297.93
298.33
286.95
295.45
300.19
304.01
308.09
314.32
317.08
333.38
336.6
339.63
338.76
304.14
303.46
299.87
297.39
308.61
311.12
308.59
295.86
292.66
292.46
297.48
302.34
301.47
291.47
299.16
306.47
287.44
292.33
282.48
286.17
264.31
258.58
283.74
282.8
293.5
251.75
246.52
250.46
213.91
277.11
291.46
294.53
288.75
294.41
296.5
329.43
334.34
312.99
295.17
347.48
348.98
387.74
383.04
378.49
370.67
347.75
347.89
333.88
331.92
325.61
317.52
314.79
321.59
301.43
297.47
295.59
301.46
302.27
289.82
300.1
298.06
310.6
308.86
295.89
296.03
296.77
269.18
261.57
256.51
223.07
225.34
219.95
226.77
203.87
197.98
205.79
193.12
204.32
203.95
206.71
224.71
225.95
229.48
218.31
227.27
199.7
234.39
193.42
157.36
170.66
199.66
209.73
230.77
197.4
215.36
242.14
251.7
245.99
270.55
268.77
273.3
282.9
287.99
274.6
294.92
302.88
327.93
293.09
272.69
303.25
323.7
341.74
336.37
336.87
359.01
370.06
371.46
379.41
370.23
361.93
359.05
397.54
401.49
340.61
337.67
281.74
261.67
258.07
264.47
248.46
245.33
224.38
223.78
222.24
230.67
231.91
194.91
170.51
157.76
160.4
174.45
190.05
181.95
174.26
157.94
126.52
129.53
96.91
89.86
89.44
92.41
90.79
90.84
88.66
89.88
89.52
91.16
91.42
94.01
97.81
94.4
96.98
79.72
77.26
76.3
79.02
68.38
70.16
62.17
52.72
49.89
50.03
48.49
48.55
48.22
49.67
48.31
50.71
48.3
48.72
49.1
47.57
50.22
46.29
43.41
43.44
43.27
44.31
42.16
43.24
45.3
44.64
44.36
48.75
50.7
50.04
52.21
53.13
50.77
49.67
50.52
51.25
53.11
43.68
42.34
43.15
43.39
44.74
34.16
46.83
46.35
35.06
28.65
28.59
23.44
21.47
19.33
17.75
16.65
18.89
19.61
19.3
18.62
19.46
19.03
17.35
15.82
15.4
14.52
13.55
13.07
13.12
12.6
12.67
12.43
12.76
12.81
12.68
12.9
12.92
13.03
11.27
11.4
11.35
