10.82;10.7;10.86;281.315.272.59
10.63;10.46;10.63;352.429.926.60
10.48;10.45;10.56;217.792.631.06
10.55;10.41;10.57;261.853.587.02
10.52;10.46;10.66;434.583.399.94
10.54;10.46;10.6;230.842.942.99
10.58;10.56;10.68;241.893.256
10.68;10.51;10.68;391.796.450.03
10.45;10.4;10.5;223.430.733.13
10.46;10.43;10.55;383.690.996.86
10.44;10.38;10.53;338.735.013
10.46;10.37;10.5;256.967.119
10.45;10.42;10.57;374.289.774
10.56;10.39;10.59;565.626.183
10.35;10.3;10.43;379.140.364
10.44;10.34;10.48;321.328.361
10.42;10.28;10.42;191.524.459
10.25;10.23;10.42;403.157.307
10.35;10.28;10.48;450.362.680
10.41;9.91;10.45;712.824.173
9.94;9.9;9.97;208.921.270
9.86;9.82;9.91;415.198.945
9.85;9.8;9.97;443.026.866
9.91;9.91;10.03;248.562.767
10.04;9.85;10.04;362.045.169
9.87;9.82;9.93;303.845.678
9.79;9.79;9.91;364.755.955
9.87;9.82;9.97;358.786.919
9.93;9.71;9.93;411.347.195
9.71;9.71;9.82;267.858.725
9.8;9.74;9.81;296.078.388
9.75;9.69;9.79;244.121.095
9.75;9.7;9.84;431.099.873
9.75;9.61;9.76;406.149.249
9.56;9.55;9.7;367.592.022
9.63;9.6;9.7;313.466.701
9.7;9.61;9.73;435.725.587
9.62;9.59;9.77;567.995.809
9.71;9.59;9.73;497.000.732
9.6;9.54;9.68;485.520.698
9.52;9.49;9.6;474.032.673
9.58;9.52;9.67;585.690.824
9.61;9.5;9.66;546.807.488
9.54;9.49;9.71;652.340.656
9.64;9.54;9.64;456.541.611
9.5;9.47;9.64;615.662.750
9.6;9.55;9.7;706.063.042
9.53;9.49;9.66;465.978.147
9.64;9.62;9.69;248.462.588
9.62;9.62;9.75;481.620.780
9.71;9.67;9.78;480.969.798
9.77;9.68;9.94;746.646.808
9.69;9.52;9.7;615.666.252
9.54;9.53;9.61;496.718.169
9.45;9.35;9.49;456.186.497
9.49;9.36;9.56;795.609.600
9.42;9.38;9.53;649.402.919
9.35;9.31;9.4;455.541.728
9.3;9.26;9.42;633.980.935
9.35;9.33;9.62;782.068.997
9.58;9.46;9.59;641.945.957
9.56;9.35;9.56;672.732.625
9.36;9.36;9.52;541.443.718
9.45;9.35;9.49;596.919.139
9.37;9.34;9.55;745.848.308
9.47;9.43;9.65;695.870.777
9.61;9.55;9.71;623.709.728
9.59;9.44;9.65;671.392.344
9.47;9.46;9.7;755.199.370
9.66;9.62;9.79;908.678.907
9.66;9.48;9.67;785.552.158
9.54;9.39;9.55;770.459.244
9.3;9.26;9.4;652.300.233
9.27;9.23;9.38;836.372.665
9.22;9.21;9.49;1.101.803.059
9.43;9.31;9.5;1.042.015.285
9.38;9.27;9.51;711.168.693
9.4;9.08;9.42;415.874.232
9.13;9.06;9.32;467.056.717
9.25;9.22;9.35;565.806.922
9.21;9.21;9.42;825.468.888
9.33;8.79;9.35;1.029.820.707
8.78;8.66;8.78;507.868.395
8.7;8.65;8.72;343.673.181
8.75;8.65;8.75;441.541.427
8.71;8.56;8.72;420.592.821
8.58;8.56;8.64;274.405.946
8.59;8.57;8.71;373.362.195
8.66;8.63;8.7;282.256.181
8.63;8.46;8.65;386.003.206
8.64;8.6;8.69;383.728.039
8.59;8.55;8.67;417.280.559
8.65;8.44;8.65;532.469.798
8.46;8.46;8.6;529.080.849
8.57;8.53;8.6;403.343.853
8.65;8.65;8.83;536.258.647
8.79;8.61;8.79;326.543.918
8.65;8.64;8.79;494.731.223
8.67;8.64;8.75;565.396.845
8.6;8.57;8.66;464.219.811
8.55;8.54;8.64;355.842.854
8.63;8.58;8.67;337.481.130
8.67;8.53;8.67;432.346.080
