155.59
163.95
149.47
138.2
142.99
125.33
148.03
160.25
131.38
142.3
163.35
165.28
181.66
193.87
180.89
176.73
180.27
179.99
177.81
180.01
190.42
211.02
192.96
192.84
186.52
188.33
232.77
238.68
259.19
236.86
229.37
250.52
247.04
255.76
288.45
296.45
249.27
241.37
245.37
255.68
229.03
232.1
218.96
245.5
249.93
272.17
286.5
273.39
275.98
288.27
264.93
317.46
314.62
350.25
358.34
318.72
298.97
299.78
279.33
302.6
316.16
214.2
148.66
155.24
124.85
98.29
100.35
102.4
104.24
101.26
100.28
99
88.33
85.57
96.03
91.6
85.93
88.82
77.97
73.22
71.89
70.03
72.25
71.59
69.64
67.57
71.06
63.82
62.68
61.4
59.01
62.3
59.26
64.27
62.57
61.3
55.17
54.75
55.04
56.18
54.74
53.18
55.75
56.39
57.11
54.69
55.33
55.74
56.49
55.96
54.92
56.81
58.2
60.33
59.74
60.73
59.48
64.62
65.47
63.95
59.43
60.11
50.89
50.72
50.16
53.14
52.58
52.12
51.67
51.4
52.35
53.38
54.54
55.14
52.62
54.09
56.28
51.55
51.58
47.62
49.27
48.09
46.61
51.73
52.84
55.53
48.49
48.26
48.21
41.58
61.73
64.23
66.04
61.61
66.01
67.79
78.48
80.11
71.29
65.21
76.84
79.02
86.04
71.06
64.17
63.17
62.36
61.16
51.75
51.18
50.19
53.25
46.73
47.94
46.23
45.48
47.28
43.91
44.15
43.31
45.8
45.81
46.43
47.1
46.5
48.01
48.63
45.8
45.1
46.86
43.45
42.86
42.13
43.04
43.02
40.42
41.12
40.61
42.14
42.23
42.24
44.41
44.06
46.56
45.76
45.02
40.86
44.3
42.67
40.91
38.92
42.8
46.33
48.75
45.33
46.58
49.58
52.14
46.58
51.13
53.19
55.33
46.43
41.57
38.99
40.35
41.07
42.85
40.54
41.13
43.92
44.49
47.34
47.71
47.79
47.22
50.32
46.04
47.65
35.7
30.22
30.22
30.64
29.5
33.22
30.44
29.68
30.21
28.39
30.55
30.84
27.94
27.66
28.94
28.8
25.3
24.14
25.21
24.22
23.74
23.75
29.9
34.45
32.11
25.38
26.3
27.51
27.7
28.36
25.4
23.33
25.37
28.89
28.91
27.45
30.72
31.96
33.58
28.96
30.29
28.16
26.27
23.39
21.04
15.9
15.92
15.71
15.74
14.34
14.62
14.85
15.21
14.97
13.94
13.06
11.23
10.33
9.66
10.32
10.42
10.71
10.79
10.39
10.15
10.79
8.85
8.92
8.71
9.92
9.37
10.25
11.09
8.29
8.07
7.74
6.88
6.67
6.98
4.19
4.16
4.08
4.06
4.07
4.08
3.98
3.94
4.01
4.03
3.96
3.97
4.06
4.24
4.16
4.06
4.17
3.84
3.8
3.75
3.84
3.78
3.82
3.92
3.9
3.88
3.92
3.92
3.8
3.77
3.8
3.83
3.83
3.85
3.84
3.81
3.78
3.77
3.76
3.79
3.83
3.79
3.81
3.77
3.72
3.76
3.79
