250.03
260.43
247.22
207.28
212.29
179.49
221.05
251.59
235.63
240.97
272.89
274.02
316.63
332.17
321.36
323.69
317.1
317.4
308.46
315.9
345.08
383.79
364.62
316.47
319.19
320.04
414.57
399.52
420.05
394.78
355.59
407.74
413.33
405.07
459.33
452.77
384.94
403.05
412.06
383.42
358.99
349.03
330.8
377.37
378.9
421.85
381.54
360.78
337.06
382.04
346.11
417.98
469.2
377.24
381.51
351.37
327.32
312.32
325.21
305.75
308.07
279.67
245.33
262.53
276.74
280.86
278.69
269.48
210.24
200.05
203.03
190.94
180.14
168.15
203.21
173.39
163.37
168.44
160.03
158.61
165.95
141.74
135.77
129.48
130.8
126.7
120.31
121.37
122.35
123.4
123.86
119.62
105.59
120.78
113.32
99.76
102.92
86.35
87.3
87.99
83.76
85.72
87.65
88.84
88.65
86.31
86.75
88.58
88.13
88.4
85.21
86.58
88.12
90.54
88.62
89.54
91.28
95.9
94.87
100.23
95.13
87.09
87.42
86.82
85.49
89.77
91.7
91.19
91.86
90.41
92.96
91.54
93.22
95.76
94.5
97.23
101.04
93.13
93.64
89.5
91.85
88.17
86.24
95.57
97.72
100.57
93.74
95.29
99.85
83.04
111.33
111.89
112.75
112.33
116.27
118.04
120.84
121.63
118.82
106.17
126.01
124.8
141.2
140.41
132.38
133.04
145.4
130.68
138.05
108.26
86.29
90.33
91.16
77.82
54.71
55.96
46.69
47.45
48.78
48.74
49.75
47.76
49.37
50.65
49.47
50.96
51.94
50.21
47.83
48.58
45.12
43.36
43.63
44.15
39.84
39.62
43.89
43.96
45.24
45.8
40.68
45.58
42.67
44.71
40.34
40.3
35.06
36.38
34.83
29.43
32.09
35.48
38.23
40.39
37.14
40.01
44.85
46.1
44.25
50.12
45.72
45.47
43.63
42.79
40.96
43.73
45.02
47.32
43.57
43.49
45.89
48.03
51.41
47.28
46.59
48.08
49.09
49.6
50.46
48.11
46.02
46.3
51.8
50.04
58.7
52.28
55.62
56.19
52.54
55.57
48.26
42.9
42.37
44
43.7
41.83
39.79
41.21
36.84
33.41
38.71
40.12
45.38
55.62
36.17
34.64
35.1
31.87
30.33
26.93
26.26
27.79
28.53
28.47
28.68
29.51
29.84
28.66
30.47
32.78
28.98
28.45
25.99
25.2
23.04
22.77
23.72
22.76
22.35
21.21
19.37
19.65
19.56
19.72
20.12
20.29
20.24
20.39
21.06
20.56
20.46
20.71
20.59
21.48
21.76
21.36
21.83
20.68
20.83
19.39
19.27
19.62
21.35
20.33
20.14
21.5
20.54
20.88
21.14
19.81
19.66
19.61
20.14
21.1
21.82
21.42
21.29
22.51
23.29
20.07
22.35
22.48
18.98
17.76
18.13
16.79
14.69
13.21
13.03
12.47
13.53
15.41
15.18
13.67
13.91
13.11
12.33
12.28
11.96
11.89
11.85
11.92
12.87
12.77
12.34
12.22
12.99
13.36
13.3
13.1
13.62
12.99
12.2
12.33
12.24
