110.63
117.57
112.43
102.5
105.95
82.37
107.46
122.97
120.13
126
145.76
146.28
168.14
152.16
140.2
137.89
138
136.41
121.6
123.66
131.1
149.94
139.5
142.66
141.37
145.3
187.41
170.42
140.62
124.47
108.3
122.99
126.94
102.38
102.43
100.86
95.28
99.11
105.56
90.33
78.82
75.96
72.4
73.9
65.43
66.88
65.52
66.32
59.7
58.9
55.57
71.37
75.62
70.81
77.22
68.11
49.81
47.99
50.62
44.81
40.41
35.88
33.31
35.71
36.27
34.86
35.16
38.82
42.17
36.62
35.07
35.84
32.96
32.28
38.08
40.13
38.44
38.13
34.79
34.9
35.86
34.36
35.64
39.75
42.74
40.5
28.7
29.35
29.73
28.4
26.96
28.53
28.18
31.9
30.67
26.23
26.32
26.38
26.49
26.82
24.5
26.86
28.47
28.79
27.76
27.35
28.76
28.33
28.54
30.15
27.51
28.79
27.13
27.75
28.66
29.67
31.4
28.53
27.73
27.8
29.35
28.18
29.96
29.31
29.1
32.07
36.14
33.52
32.28
31.16
33.61
36.74
35.72
34.21
28.64
29.76
31.79
26.38
26.02
19.79
20.18
18.69
17.45
19.75
19.94
21.22
19.86
20.76
18.74
15.69
20.06
20.97
21.88
22.75
21.96
24.86
30.78
21.36
22.8
21.83
30.32
31.72
32.01
33.16
33.1
33.66
38.45
40.09
38.59
40.3
42.05
40
35.85
35.3
38.19
39.97
38.85
40.69
45.54
47.49
47.43
46.65
36.61
33.5
36.18
21.75
18.27
18.68
15.21
14.02
10.43
10.67
8.11
7.86
7.33
7.15
7.26
7.09
7.72
7.17
7.35
8.46
8.57
8.62
7.42
7.21
5.88
6.02
5.77
5.04
5.03
5.54
6.29
6.63
5.4
6.03
6.9
7.45
6.77
7.84
8.03
7.78
8.22
8.1
7.95
8.73
9.77
8.38
6.83
5.53
5.95
6.3
6.84
6.94
10.15
8
11.72
5.26
3.76
2.77
1.78
1.74
1.81
1.51
1.67
1.68
1.55
1.36
1.28
1.34
1.28
1.26
1.26
1.35
1.24
1.03
1.02
0.966765
0.930106
0.982348
0.826549
1.11
1.76
0.877157
0.720486
0.664141
0.665485
0.63186
0.539481
0.531643
0.463667
0.470057
0.477543
0.484544
0.487684
0.481077
0.503894
0.44937
0.496572
0.535792
0.58767
0.576426
0.500309
0.343782
0.314833
0.318838
0.360099
0.271729
0.229255
0.202092
0.184577
0.183504
0.173758
0.17496
0.183058
0.178122
0.184725
0.189408
0.180479
0.191489
0.192076
0.192164
0.192958
0.191686
0.195553
0.197826
0.207874
0.188861
0.190221
0.188531
0.18643
0.184719
0.185002
0.199703
0.20548
0.205017
0.203541
0.210556
0.212428
0.220632
0.186426
0.160384
0.167305
0.166465
0.166412
0.173143
0.164934
0.153898
0.15756
0.158987
0.139902
0.131867
0.128653
0.133681
0.136979
0.140575
0.142142
0.131476
0.132026
0.116242
0.122573
0.12345
0.121757
0.119901
0.122444
0.119301
0.135197
0.117443
0.115376
0.114986
0.114526
0.121185
0.118724
0.121959
0.121561
0.121475
0.122905
0.124431
0.122661
0.126088
0.112729
0.116603
0.118286
0.121566
0.125607
