1.07
0.954428
0.805263
0.723895
0.776393
0.691799
0.815703
0.924043
0.884784
0.96253
1.16
1.14
1.32
1.4
1.22
1.22
1.31
1.36
1.34
1.36
1.38
1.58
1.55
1.6
1.31
1.18
1.68
1.86
2.02
2.04
1.95
1.97
2.1
2.46
3.38
3.09
3.05
3.2
3.11
2.48
2.39
2.3
2.16
2.21
1.43
1.4
1.19
1.12
1.04
1.17
1.14
1.19
0.775964
0.791257
0.778407
0.728366
0.758642
0.756181
0.864263
0.471063
0.373541
0.251691
0.237333
0.244708
0.252125
0.222823
0.232544
0.246101
0.253571
0.252558
0.255492
0.255699
0.250878
0.243064
0.299152
0.253927
0.248818
0.252393
0.244642
0.242402
0.238859
0.233271
0.238759
0.231016
0.228627
0.226581
0.227107
0.212956
0.209825
0.203442
0.197339
0.21043
0.206483
0.217488
0.217437
0.210354
0.20599
0.202055
0.20375
0.208133
0.205861
0.194124
0.200558
0.202711
0.202785
0.201835
0.202785
0.203628
0.204604
0.206644
0.196928
0.204177
0.211016
0.210549
0.21515
0.21852
0.232064
0.256232
0.263983
0.25732
0.260489
0.248414
0.264439
0.260733
0.251825
0.279944
0.23861
0.234039
0.237016
0.214774
0.203318
0.202676
0.206532
0.197529
0.193606
0.196131
0.203299
0.186119
0.181487
0.175787
0.177882
0.17351
0.171754
0.182078
0.184041
0.189768
0.178393
0.179082
0.181358
0.164167
0.200778
0.209303
0.214441
0.213031
0.209995
0.211518
0.22364
0.226186
0.215189
0.204968
0.228811
0.226669
0.248479
0.25563
0.228006
0.218564
0.224508
0.202995
0.212577
0.217828
0.218958
0.246827
0.239286
0.191918
0.158735
0.155057
0.158883
0.157498
0.160431
0.161221
0.169991
0.168092
0.173853
0.179307
0.180399
0.182947
0.192586
0.179021
0.180444
0.184737
0.173743
0.174612
0.173113
0.177053
0.167386
0.165082
0.169871
0.165937
0.173457
0.173822
0.178104
0.192002
0.195058
0.19332
0.182608
0.188295
0.168388
0.188718
0.177889
0.148056
0.170589
0.190769
0.200809
0.205354
0.185019
0.203165
0.233416
0.236134
0.23948
0.254641
0.256523
0.254709
0.259959
0.259449
0.254744
0.26293
0.265421
0.280455
0.276306
0.277288
0.298423
0.31111
0.319978
0.297848
0.296366
0.324427
0.296068
0.2846
0.268351
0.262068
0.259266
0.278447
0.266153
0.253964
0.272759
0.260874
0.286019
0.289678
0.279783
0.284548
0.294003
0.299413
0.29458
0.303448
0.333657
0.24659
0.205324
0.23207
0.229554
0.212549
0.271808
0.246065
0.29589
0.323368
0.317954
0.336201
0.351634
0.327801
0.364869
0.394132
0.349861
0.27072
0.220223
0.214878
0.206068
0.183135
0.186066
0.160074
0.198212
0.141763
0.101791
0.093551
0.078914
0.06049
0.053908
0.055115
0.051607
0.052868
0.044475
0.034816
0.032797
0.032346
0.031384
0.031278
0.03177
0.03278
0.029984
0.030173
0.033184
0.033655
0.033462
0.033955
0.033779
0.034383
0.034336
0.032952
0.033598
0.03402
0.035849
0.03632
0.032665
0.035545
0.037455
0.033023
0.061159
0.021892
0.020889
0.013276
0.010101
0.009514
0.009597
0.009545
0.009116
0.010518
0.010582
0.007301
0.006909
0.006975
0.006912
0.00671
0.006116
0.006394
0.006314
0.006381
0.006385
0.006255
0.006238
0.006227
0.006498
0.006509
0.006534
0.006057
0.006129
0.006299
0.006339
0.005991
0.005408
0.005536
0.005609
0.005671
0.005665
0.005701
0.005895
0.00586
0.005832
0.005873
0.005878
0.005569
0.005935
0.006027
0.006147
0.006278
0.006251
0.006269
0.006333
