0.024183
0.024826
0.022075
0.020158
0.022786
0.018043
0.023707
0.029121
0.027382
0.02811
0.033911
0.033257
0.041061
0.045108
0.041129
0.039947
0.041247
0.039672
0.038832
0.039165
0.043177
0.050612
0.048824
0.051689
0.048297
0.036378
0.056486
0.059529
0.064467
0.065417
0.064795
0.068816
0.076611
0.078621
0.091676
0.094008
0.070152
0.039108
0.032952
0.030722
0.03077
0.03035
0.028885
0.032217
0.028699
0.028969
0.02956
0.028021
0.033807
0.028472
0.01919
0.025061
0.023979
0.01619
0.016599
0.016413
0.013103
0.010613
0.011448
0.010223
0.011188
0.008639
0.007685
0.008278
0.008388
0.008135
0.008539
0.009462
0.010973
0.008557
0.006801
0.005921
0.005456
0.005427
0.006481
0.006325
0.005588
0.005387
0.005052
0.005275
0.005391
0.004412
0.004286
0.004267
0.004058
0.004014
0.00405
0.004143
0.004163
0.003976
0.003753
0.004386
0.004225
0.005046
0.003962
0.003682
0.003661
0.00344
0.003548
0.003563
0.003656
0.003638
0.003613
0.003752
0.003778
0.003774
0.003909
0.003767
0.003874
0.003971
0.00349
0.003745
0.003667
0.003794
0.004019
0.004245
0.004419
0.004302
0.004155
0.004138
0.004265
0.004474
0.004701
0.004212
0.00421
0.004163
0.004606
0.004635
0.004626
0.004751
0.004832
0.005134
0.004901
0.00492
0.00495
0.00511
0.00547
0.004835
0.0048
0.004814
0.004736
0.003836
0.003971
0.004523
0.004583
0.005259
0.004036
0.004298
0.003731
0.003693
0.005634
0.005721
0.005858
0.005716
0.005963
0.006098
0.007636
0.008119
0.007344
0.006659
0.008434
0.008397
0.008824
0.008333
0.008481
0.007948
0.008471
0.007821
0.007197
0.006842
0.007056
0.006991
0.00676
0.006737
0.007696
0.006732
0.006728
0.007017
0.007418
0.007584
0.006743
0.007299
0.00779
0.008323
0.00831
0.009106
0.009448
0.009344
0.009231
0.009799
0.009092
0.009111
0.008699
0.008677
0.008058
0.008031
0.008428
0.008027
0.008455
0.008532
0.008791
0.010984
0.010032
0.010053
0.008939
0.008761
0.007339
0.007761
0.00717
0.005833
0.006282
0.006987
0.007886
0.008924
0.006947
0.00768
0.009782
0.010855
0.010217
0.012311
0.012953
0.013354
0.013694
0.013083
0.012829
0.014268
0.015176
0.016454
0.015304
0.015333
0.016173
0.016932
0.018969
0.019345
0.018817
0.018842
0.019446
0.015913
0.01655
0.015743
0.014413
0.014094
0.015787
0.013958
0.01524
0.015435
0.018624
0.014899
0.013905
0.015663
0.01539
0.014407
0.014981
0.010058
0.008492
0.007476
0.007797
0.008059
0.006738
0.006699
0.007124
0.009231
0.00915
0.009704
0.008868
0.01067
0.008259
0.006616
0.004111
0.004108
0.00262
0.002724
0.002723
0.002331
0.00225
0.002243
0.00243
0.002151
0.002402
0.002518
0.002593
0.002055
0.001541
0.001234
0.001247
0.001165
0.001248
0.000968
0.000906
0.00085
0.000837
0.000881
0.000782
0.00076
0.000786
0.000804
0.000776
0.000798
0.000862
0.000896
0.000878
0.00085
0.000849
0.000824
0.000841
0.000865
0.000613
0.000588
0.000598
0.000592
0.00064
0.000644
0.000583
0.000646
0.000615
0.000668
0.000697
0.000687
0.000607
0.000628
0.000537
0.00061
0.000495
0.000497
0.000555
0.000581
0.000564
0.000412
0.000403
0.000375
0.000388
0.00043
0.000393
0.000408
0.000404
0.000367
0.000332
0.000315
0.000326
0.000326
0.000346
0.000378
0.000349
0.000363
0.000383
0.000397
0.000356
0.00032
0.000322
0.000327
0.000311
0.000328
0.000328
0.000318
0.000334
0.000324
0.000339
0.000349
0.000357
0.00036
0.000363
0.00036
0.000349
0.000371
0.000381
