0.056941
0.058098
0.052262
0.047986
0.052022
0.042611
0.054085
0.064728
0.054197
0.058035
0.069787
0.068408
0.084969
0.09187
0.094201
0.088158
0.090185
0.093469
0.093314
0.094569
0.104146
0.109218
0.107126
0.114099
0.090778
0.085241
0.116516
0.138224
0.156725
0.158981
0.14427
0.168637
0.196059
0.178385
0.181957
0.174183
0.181114
0.159184
0.145221
0.144905
0.156131
0.2226
0.142088
0.160679
0.165906
0.138199
0.200425
0.162262
0.255441
0.2144
0.124868
0.12832
0.143051
0.078311
0.059563
0.052139
0.040697
0.018863
0.019107
0.014829
0.00933
0.008766
0.008294
0.008588
0.008793
0.008828
0.007999
0.007733
0.007803
0.006723
0.00614
0.006196
0.005612
0.005435
0.00633
0.006534
0.006802
0.005604
0.00543
0.005385
0.005755
0.006059
0.005693
0.006125
0.006091
0.0061
0.00637
0.006539
0.006213
0.006124
0.005454
0.006238
0.006466
0.007463
0.007851
0.007485
0.007915
0.00847
0.007716
0.007115
0.005913
0.006258
0.007157
0.005654
0.005262
0.005275
0.005345
0.005183
0.005393
0.005794
0.004639
0.004736
0.004749
0.004459
0.004905
0.005028
0.004905
0.005153
0.005463
0.005141
0.005251
0.005163
0.005643
0.005538
0.00569
0.005322
0.006411
0.006633
0.006261
0.006353
0.006685
0.00726
0.00721
0.006948
0.006799
0.006504
0.006354
0.006239
0.006058
0.005772
0.005568
0.005389
0.005474
0.006352
0.00631
0.006548
0.005924
0.005909
0.005318
0.0047
0.006433
0.007003
0.007578
0.007962
0.006945
0.006869
0.007367
0.007867
0.006843
0.005827
0.005725
0.004931
0.005311
0.006395
0.005088
0.003541
0.003593
0.003219
0.002433
0.002227
0.002342
0.002237
0.002089
0.002037
0.002118
0.002041
0.002056
0.00249
0.002505
0.002614
0.001899
0.002354
0.002865
0.002448
0.002596
0.003109
0.003352
0.003355
0.003357
0.003353
0.003084
0.002983
0.002969
0.003057
0.003031
0.002957
0.002936
0.002848
0.00295
0.00282
0.002917
0.003393
0.00336
0.003425
0.003094
0.003261
0.002602
0.002782
0.00244
0.001982
0.00211
0.002355
0.002647
0.002836
0.002434
0.002722
0.003651
0.003922
0.003425
0.004726
0.003796
0.003421
0.003381
0.002924
0.002816
0.002797
0.002957
0.00304
0.002912
0.003045
0.003301
0.003394
0.003929
0.003023
0.002924
0.003149
0.003124
0.003448
0.003723
0.003822
0.003382
0.003465
0.004579
0.003233
0.003871
0.00382
0.00508
0.004828
0.005113
0.006476
0.005538
0.004455
0.002797
0.001609
0.001175
0.000867
0.000742
0.000888
0.000935
0.000834
0.001026
0.001153
0.001536
0.001219
0.000907
0.000974
0.000368
0.000373
0.000245
0.000163
0.000139
0.00014
0.000161
0.000124
0.000136
0.000146
0.000123
0.000088
0.000087
0.00008
0.00008
0.000078
0.000077
0.000075
0.000075
0.000072
0.000081
0.000079
0.000079
0.000079
0.000077
0.000089
0.000088
0.000097
0.000086
0.000073
0.000099
0.000109
0.000097
0.000108
0.00013
0.000105
0.000081
0.000047
0.00006
0.00006
0.000047
0.000047
0.000047
0.000047
0.000059
0.000045
0.000045
0.000046
0.000044
0.000054
0.000043
0.000041
0.00005
0.000031
0.000031
0.000029
0.000029
0.000019
0.000031
0.000031
0.000012
0.000021
0.000021
0.000025
0.000022
0.000027
0.000028
0.000025
0.000024
0.00003
0.000024
0.000015
0.000024
0.000013
0.000024
0.000025
0.000025
0.000013
0.000026
0.000013
0.000025
0.000012
0.000024
0.000023
0.000024
0.000024
0.000024
0.000022
0.000022
0.000022
0.000022
0.000022
0.000025
0.000022
0.000021
0.000022
0.00002
0.00002
0.000022
