483.42
475.72
435.91
354.35
372.39
303.61
346.91
388.55
383.55
400.74
397.88
383.47
448.62
471.99
451.69
456.94
472.97
451.73
442
446.79
487.02
557.6
524.34
490.08
496.82
513.66
627.99
675.76
701.58
700.81
646.6
721.4
672.78
695.49
880.76
764.26
588.86
595.19
581.89
583.51
577.19
505.51
486.46
571.9
507.27
554.07
573.98
558.84
532.5
594.62
536.68
651.49
675.55
613.92
596.16
537.18
469.65
467.15
510.91
414.69
373.03
319.96
291.1
316.63
328.08
308.39
338.87
323.39
330.51
322.81
329.3
335.98
308.49
306.07
371.24
347.51
340.14
344.7
346.36
311.55
319.73
290.64
302.17
299.33
298.15
291.19
294.91
290.57
271.44
265.45
288.67
253.6
237.88
262
250.61
240.87
228.7
225.36
230.39
232.63
218.16
222.41
233.01
241.22
234.33
231.07
244.52
233.67
217.69
216.04
206.52
213.73
212.46
222.52
230.07
229.3
231.28
233.01
232.63
240.89
240.05
227
236.13
235.66
229.49
241.06
253.98
257.61
254.82
237.91
252.94
257.6
263.94
277.53
290.12
310.6
285.36
231.47
230.77
205.63
204.21
195.84
175.65
187.86
188.3
193.16
174.18
172.46
181.06
158.88
197.22
207.77
208.77
212.91
213.79
213.99
247.32
247.01
226.88
218.35
260.09
254.03
305.11
283.29
271.65
270.3
274.62
273.37
294.65
237.86
228.11
228.3
227.71
239.06
241.07
233.34
201.01
208.95
216.75
212.17
210.23
214.31
223.31
234.37
230.4
242.9
245.48
208.64
206.3
207.52
186.76
186.84
189.14
192.35
176.32
175.42
189.3
178.05
185.9
190.08
184.19
206.82
214.42
216.1
201.8
206.94
181.99
199.32
182.51
165.98
160.07
177.45
191.15
211.24
178.37
198.73
241.43
248.86
248.73
287.81
283.01
282.21
291.56
301.88
290.37
307.12
324.38
342.61
328.65
304.65
330.04
362.57
385.84
378.56
378.22
401.21
391.89
376.83
384.86
387.43
387.34
387.49
368.28
311.49
331.1
328.66
281.13
272.24
262.79
259.36
253.03
239.52
230
241.68
249.27
235.67
232.93
205.57
196.32
190.82
197.88
224.46
238.6
239.49
203.19
119.82
108.23
106.08
94.92
92.66
90.6
93.57
96.7
96.58
97.44
95.13
96.99
96.09
106.62
103.83
108.21
103.64
99.54
91.04
91.93
90.05
93.2
96.08
83.95
76.82
72
69.17
67.99
66.34
68.67
68.14
67.32
70.94
71.78
70.24
71.5
72.87
71.17
64.66
62
61.83
64.82
62.55
63.58
59.8
57.9
59.08
62.7
63.45
63.73
64.59
70.26
66.95
63.36
64.69
54.54
59.93
63.4
64.59
66.61
69.22
66.64
72.47
69.89
64.18
48.27
48.78
45.73
45.12
47.66
40.16
39.72
35.35
36.72
35.74
38.03
40.32
39.44
41.64
41.8
39.67
41.41
37.31
35.94
29.45
29.15
30.23
29.98
27.16
29.9
30.87
30.58
30.84
32.01
32.56
33.55
32.37
30.38
31.61
32.76
